 gauss gpoints 27
 weight 0.17146776410151
0.32466530046578 -0.60209270089194 -0.60209270089194 -0.60209270089194
-0.041237900076281 -0.12971370019218 0.076475800156096 0.076475800156096
0.0052379000782085 0.016475800152882 0.016475800152882 -0.0097137002339524
-0.041237900076281 0.076475800156096 -0.12971370019218 0.076475800156096
-0.041237900076281 0.076475800156096 0.076475800156096 -0.12971370019218
0.0052379000782085 0.016475800152882 -0.0097137002339524 0.016475800152882
-0.00066530054097195 -0.0020927010044085 -0.0020927010044085 -0.0020927010044085
0.0052379000782085 -0.0097137002339524 0.016475800152882 0.016475800152882
0.18895160031026 0.73180640108412 -0.35041126725106 -0.35041126725106
-0.024000000005141 -0.075491933379746 -0.092951600308978 0.04450806662668
-0.024000000005141 -0.092951600308978 -0.075491933379746 0.04450806662668
0.18895160031026 -0.35041126725106 0.73180640108412 -0.35041126725106
0.18895160031026 -0.35041126725106 -0.35041126725106 0.73180640108412
-0.024000000005141 -0.075491933379746 0.04450806662668 -0.092951600308978
0.0030483996923073 0.0095887327682168 0.0095887327682168 0.011806401238361
-0.024000000005141 0.04450806662668 -0.075491933379746 -0.092951600308978
-0.024000000005141 -0.092951600308978 0.04450806662668 -0.075491933379746
0.0030483996923073 0.0095887327682168 0.011806401238361 0.0095887327682168
0.0030483996923073 0.011806401238361 0.0095887327682168 0.0095887327682168
-0.024000000005141 0.04450806662668 -0.092951600308978 -0.075491933379746
0.10996773356619 0.42590320063081 0.42590320063081 -0.20393546713753
0.10996773356619 0.42590320063081 -0.20393546713753 0.42590320063081
-0.013967733545629 -0.043935467086118 -0.054096799394897 -0.054096799394897
-0.013967733545629 -0.054096799394897 -0.043935467086118 -0.054096799394897
0.10996773356619 -0.20393546713753 0.42590320063081 0.42590320063081
-0.013967733545629 -0.054096799394897 -0.054096799394897 -0.043935467086118
0.064000000030848 0.24787093422365 0.24787093422365 0.24787093422365

 weight 0.27434842257476
-0 0 0 -0.23618950034988
0 0 -0 0.030000000001607
-0 -0 -0 -0.0038104996147719
0 -0 0 0.030000000001607
0 -0 -0 0.23618950034988
-0 -0 0 -0.030000000001607
0 0 0 0.0038104996147719
-0 0 -0 -0.030000000001607
-0 -0 0 -0.13745966693566
0 0 0 0.017459666929232
0 0 0 0.017459666929232
-0 0 -0 -0.13745966693566
0.47237900069976 -0.87602816798691 -0.87602816798691 -0
-0.060000000003213 -0.18872983341904 0.11127016654882 0
0.0076209992295439 0.023971831916691 0.023971831916691 -0
-0.060000000003213 0.11127016654882 -0.18872983341904 0
0 0 -0 0.13745966693566
-0 -0 -0 -0.017459666929232
-0 -0 -0 -0.017459666929232
0 -0 0 0.13745966693566
-0 -0 -0 -0.080000000025706
0.27491933387132 1.064758001406 -0.50983866776191 -0
-0.034919333858463 -0.10983866769765 -0.13524199846551 0
-0.034919333858463 -0.13524199846551 -0.10983866769765 0
0.27491933387132 -0.50983866776191 1.064758001406 -0
0 0 0 0.080000000025706
0.16000000005141 0.61967733545956 0.61967733545956 -0

 weight 0.17146776410151
-0.041237900076281 0.076475800156096 0.076475800156096 0.12971370019218
0.0052379000782085 0.016475800152882 -0.0097137002339524 -0.016475800152882
-0.00066530054097195 -0.0020927010044085 -0.0020927010044085 0.0020927010044085
0.0052379000782085 -0.0097137002339524 0.016475800152882 -0.016475800152882
0.32466530046578 -0.60209270089194 -0.60209270089194 0.60209270089194
-0.041237900076281 -0.12971370019218 0.076475800156096 -0.076475800156096
0.0052379000782085 0.016475800152882 0.016475800152882 0.0097137002339524
-0.041237900076281 0.076475800156096 -0.12971370019218 -0.076475800156096
-0.024000000005141 -0.092951600308978 0.04450806662668 0.075491933379746
0.0030483996923073 0.0095887327682168 0.011806401238361 -0.0095887327682168
0.0030483996923073 0.011806401238361 0.0095887327682168 -0.0095887327682168
-0.024000000005141 0.04450806662668 -0.092951600308978 0.075491933379746
0.18895160031026 -0.35041126725106 -0.35041126725106 -0.73180640108412
-0.024000000005141 -0.075491933379746 0.04450806662668 0.092951600308978
0.0030483996923073 0.0095887327682168 0.0095887327682168 -0.011806401238361
-0.024000000005141 0.04450806662668 -0.075491933379746 0.092951600308978
0.18895160031026 0.73180640108412 -0.35041126725106 0.35041126725106
-0.024000000005141 -0.075491933379746 -0.092951600308978 -0.04450806662668
-0.024000000005141 -0.092951600308978 -0.075491933379746 -0.04450806662668
0.18895160031026 -0.35041126725106 0.73180640108412 0.35041126725106
-0.013967733545629 -0.054096799394897 -0.054096799394897 0.043935467086118
0.10996773356619 0.42590320063081 -0.20393546713753 -0.42590320063081
-0.013967733545629 -0.043935467086118 -0.054096799394897 0.054096799394897
-0.013967733545629 -0.054096799394897 -0.043935467086118 0.054096799394897
0.10996773356619 -0.20393546713753 0.42590320063081 -0.42590320063081
0.10996773356619 0.42590320063081 0.42590320063081 0.20393546713753
0.064000000030848 0.24787093422365 0.24787093422365 -0.24787093422365

 weight 0.27434842257476
-0 0 -0.23618950034988 0
0 0 0.030000000001607 -0
-0 -0 -0.030000000001607 0
0 -0 0.23618950034988 -0
0 -0 0.030000000001607 0
-0 -0 -0.0038104996147719 -0
0 0 0.0038104996147719 0
-0 0 -0.030000000001607 -0
-0 -0 -0.13745966693566 0
-0.060000000003213 -0.18872983341904 0 0.11127016654882
0 0 0.13745966693566 -0
0.47237900069976 -0.87602816798691 -0 -0.87602816798691
-0 0 -0.13745966693566 -0
0 0 0.017459666929232 0
-0 -0 -0.017459666929232 -0
0 -0 0.13745966693566 0
0 0 0.017459666929232 0
0.0076209992295439 0.023971831916691 -0 0.023971831916691
-0 -0 -0.017459666929232 -0
-0.060000000003213 0.11127016654882 0 -0.18872983341904
0.27491933387132 1.064758001406 -0 -0.50983866776191
-0 -0 -0.080000000025706 -0
-0.034919333858463 -0.10983866769765 0 -0.13524199846551
0 0 0.080000000025706 0
0.27491933387132 -0.50983866776191 -0 1.064758001406
-0.034919333858463 -0.13524199846551 0 -0.10983866769765
0.16000000005141 0.61967733545956 -0 0.61967733545956

 weight 0.43895747613937
0 -0 0 0
-0 -0 -0 -0
0 0 0 0
-0 0 -0 -0
-0 0 -0 -0
0 0 0 0
-0 -0 -0 -0
0 -0 0 0
0 0 0 0
0 0 -0 0.043649167316066
-0 -0 -0 -0
-0 0 0 -0.34364916728393
-0 0 -0.34364916728393 0
0 0 0.043649167316066 -0
-0 -0 -0.043649167316066 0
0 -0 0.34364916728393 -0
-0 -0 -0 -0
-0 -0 0 -0.043649167316066
0 0 0 0
0 -0 -0 0.34364916728393
-0 -0 0 -0.20000000003213
-0 -0 -0.20000000003213 0
-0.087298334632133 -0.2745966692 0 0
0 0 0.20000000003213 -0
0.68729833456787 -1.2745966692 -0 -0
0 0 -0 0.20000000003213
0.40000000006427 1.5491933384 -0 -0

 weight 0.27434842257476
0 -0 0.030000000001607 -0
-0 -0 -0.0038104996147719 0
0 0 0.0038104996147719 -0
-0 0 -0.030000000001607 0
-0 0 -0.23618950034988 -0
0 0 0.030000000001607 0
-0 -0 -0.030000000001607 -0
0 -0 0.23618950034988 0
0 0 0.017459666929232 -0
0.0076209992295439 0.023971831916691 -0 -0.023971831916691
-0 -0 -0.017459666929232 0
-0.060000000003213 0.11127016654882 0 0.18872983341904
-0 0 -0.13745966693566 0
0 0 0.017459666929232 -0
-0 -0 -0.017459666929232 0
0 -0 0.13745966693566 -0
-0 -0 -0.13745966693566 -0
-0.060000000003213 -0.18872983341904 0 -0.11127016654882
0 0 0.13745966693566 0
0.47237900069976 -0.87602816798691 -0 0.87602816798691
-0.034919333858463 -0.13524199846551 0 0.10983866769765
-0 -0 -0.080000000025706 0
-0.034919333858463 -0.10983866769765 0 0.13524199846551
0 0 0.080000000025706 -0
0.27491933387132 -0.50983866776191 -0 -1.064758001406
0.27491933387132 1.064758001406 -0 0.50983866776191
0.16000000005141 0.61967733545956 -0 -0.61967733545956

 weight 0.17146776410151
-0.041237900076281 0.076475800156096 0.12971370019218 0.076475800156096
0.0052379000782085 0.016475800152882 -0.016475800152882 -0.0097137002339524
-0.041237900076281 -0.12971370019218 -0.076475800156096 0.076475800156096
0.32466530046578 -0.60209270089194 0.60209270089194 -0.60209270089194
0.0052379000782085 -0.0097137002339524 -0.016475800152882 0.016475800152882
-0.00066530054097195 -0.0020927010044085 0.0020927010044085 -0.0020927010044085
0.0052379000782085 0.016475800152882 0.0097137002339524 0.016475800152882
-0.041237900076281 0.076475800156096 -0.076475800156096 -0.12971370019218
-0.024000000005141 -0.092951600308978 0.075491933379746 0.04450806662668
-0.024000000005141 -0.075491933379746 0.092951600308978 0.04450806662668
0.18895160031026 0.73180640108412 0.35041126725106 -0.35041126725106
0.18895160031026 -0.35041126725106 -0.73180640108412 -0.35041126725106
-0.024000000005141 0.04450806662668 0.075491933379746 -0.092951600308978
0.0030483996923073 0.0095887327682168 -0.0095887327682168 0.011806401238361
-0.024000000005141 -0.075491933379746 -0.04450806662668 -0.092951600308978
0.18895160031026 -0.35041126725106 0.35041126725106 0.73180640108412
0.0030483996923073 0.011806401238361 -0.0095887327682168 0.0095887327682168
0.0030483996923073 0.0095887327682168 -0.011806401238361 0.0095887327682168
-0.024000000005141 -0.092951600308978 -0.04450806662668 -0.075491933379746
-0.024000000005141 0.04450806662668 0.092951600308978 -0.075491933379746
0.10996773356619 0.42590320063081 -0.42590320063081 -0.20393546713753
-0.013967733545629 -0.054096799394897 0.043935467086118 -0.054096799394897
-0.013967733545629 -0.043935467086118 0.054096799394897 -0.054096799394897
0.10996773356619 0.42590320063081 0.20393546713753 0.42590320063081
0.10996773356619 -0.20393546713753 -0.42590320063081 0.42590320063081
-0.013967733545629 -0.054096799394897 0.054096799394897 -0.043935467086118
0.064000000030848 0.24787093422365 -0.24787093422365 0.24787093422365

 weight 0.27434842257476
0 -0 -0 0.030000000001607
-0 -0 0 -0.0038104996147719
0 0 0 0.030000000001607
-0 0 -0 -0.23618950034988
-0 0 0 -0.030000000001607
0 0 -0 0.0038104996147719
-0 -0 -0 -0.030000000001607
0 -0 0 0.23618950034988
0 0 -0 0.017459666929232
0 0 -0 0.017459666929232
-0 -0 -0 -0.13745966693566
-0 0 0 -0.13745966693566
-0.060000000003213 0.11127016654882 0.18872983341904 0
0.0076209992295439 0.023971831916691 -0.023971831916691 -0
-0.060000000003213 -0.18872983341904 -0.11127016654882 0
0.47237900069976 -0.87602816798691 0.87602816798691 -0
-0 -0 0 -0.017459666929232
-0 -0 0 -0.017459666929232
0 0 0 0.13745966693566
0 -0 -0 0.13745966693566
-0 -0 0 -0.080000000025706
-0.034919333858463 -0.13524199846551 0.10983866769765 0
-0.034919333858463 -0.10983866769765 0.13524199846551 0
0.27491933387132 1.064758001406 0.50983866776191 -0
0.27491933387132 -0.50983866776191 -1.064758001406 -0
0 0 -0 0.080000000025706
0.16000000005141 0.61967733545956 -0.61967733545956 -0

 weight 0.17146776410151
0.0052379000782085 -0.0097137002339524 -0.016475800152882 -0.016475800152882
-0.00066530054097195 -0.0020927010044085 0.0020927010044085 0.0020927010044085
0.0052379000782085 0.016475800152882 0.0097137002339524 -0.016475800152882
-0.041237900076281 0.076475800156096 -0.076475800156096 0.12971370019218
-0.041237900076281 0.076475800156096 0.12971370019218 -0.076475800156096
0.0052379000782085 0.016475800152882 -0.016475800152882 0.0097137002339524
-0.041237900076281 -0.12971370019218 -0.076475800156096 -0.076475800156096
0.32466530046578 -0.60209270089194 0.60209270089194 0.60209270089194
0.0030483996923073 0.011806401238361 -0.0095887327682168 -0.0095887327682168
0.0030483996923073 0.0095887327682168 -0.011806401238361 -0.0095887327682168
-0.024000000005141 -0.092951600308978 -0.04450806662668 0.075491933379746
-0.024000000005141 0.04450806662668 0.092951600308978 0.075491933379746
-0.024000000005141 0.04450806662668 0.075491933379746 0.092951600308978
0.0030483996923073 0.0095887327682168 -0.0095887327682168 -0.011806401238361
-0.024000000005141 -0.075491933379746 -0.04450806662668 0.092951600308978
0.18895160031026 -0.35041126725106 0.35041126725106 -0.73180640108412
-0.024000000005141 -0.092951600308978 0.075491933379746 -0.04450806662668
-0.024000000005141 -0.075491933379746 0.092951600308978 -0.04450806662668
0.18895160031026 0.73180640108412 0.35041126725106 0.35041126725106
0.18895160031026 -0.35041126725106 -0.73180640108412 0.35041126725106
-0.013967733545629 -0.054096799394897 0.054096799394897 0.043935467086118
-0.013967733545629 -0.054096799394897 0.043935467086118 0.054096799394897
-0.013967733545629 -0.043935467086118 0.054096799394897 0.054096799394897
0.10996773356619 0.42590320063081 0.20393546713753 -0.42590320063081
0.10996773356619 -0.20393546713753 -0.42590320063081 -0.42590320063081
0.10996773356619 0.42590320063081 -0.42590320063081 0.20393546713753
0.064000000030848 0.24787093422365 -0.24787093422365 -0.24787093422365

 weight 0.27434842257476
-0 -0.23618950034988 0 0
0 0.23618950034988 -0 -0
-0 -0.030000000001607 -0 0
0 0.030000000001607 0 -0
0 0.030000000001607 -0 0
-0 -0.030000000001607 0 -0
0 0.0038104996147719 0 0
-0 -0.0038104996147719 -0 -0
0.47237900069976 -0 -0.87602816798691 -0.87602816798691
0 0.13745966693566 0 -0
-0.060000000003213 0 -0.18872983341904 0.11127016654882
-0 -0.13745966693566 -0 0
-0 -0.13745966693566 0 -0
0 0.13745966693566 -0 0
-0 -0.017459666929232 -0 -0
0 0.017459666929232 0 0
-0.060000000003213 0 0.11127016654882 -0.18872983341904
-0 -0.017459666929232 -0 -0
0.0076209992295439 -0 0.023971831916691 0.023971831916691
0 0.017459666929232 0 0
0.27491933387132 -0 1.064758001406 -0.50983866776191
0.27491933387132 -0 -0.50983866776191 1.064758001406
0 0.080000000025706 0 0
-0.034919333858463 0 -0.10983866769765 -0.13524199846551
-0 -0.080000000025706 -0 -0
-0.034919333858463 0 -0.13524199846551 -0.10983866769765
0.16000000005141 -0 0.61967733545956 0.61967733545956

 weight 0.43895747613937
0 0 -0 0
-0 -0 0 -0
0 0 0 0
-0 -0 -0 -0
-0 -0 0 -0
0 0 -0 0
-0 -0 -0 -0
0 0 0 0
-0 0 0 -0.34364916728393
-0 -0 -0 -0
0 -0 0 0.043649167316066
0 0 0 0
-0 -0.34364916728393 0 0
0 0.34364916728393 -0 -0
-0 -0.043649167316066 -0 0
0 0.043649167316066 0 -0
0 -0 -0 0.34364916728393
0 0 0 0
-0 0 -0 -0.043649167316066
-0 -0 -0 -0
-0 0 -0 -0.20000000003213
0.68729833456787 -0 -1.2745966692 -0
0 0.20000000003213 0 -0
-0.087298334632133 0 -0.2745966692 0
-0 -0.20000000003213 -0 0
0 -0 0 0.20000000003213
0.40000000006427 -0 1.5491933384 -0

 weight 0.27434842257476
0 0.030000000001607 -0 -0
-0 -0.030000000001607 0 0
0 0.0038104996147719 0 -0
-0 -0.0038104996147719 -0 0
-0 -0.23618950034988 0 -0
0 0.23618950034988 -0 0
-0 -0.030000000001607 -0 -0
0 0.030000000001607 0 0
-0.060000000003213 0 0.11127016654882 0.18872983341904
-0 -0.017459666929232 -0 0
0.0076209992295439 -0 0.023971831916691 -0.023971831916691
0 0.017459666929232 0 -0
-0 -0.13745966693566 0 0
0 0.13745966693566 -0 -0
-0 -0.017459666929232 -0 0
0 0.017459666929232 0 -0
0.47237900069976 -0 -0.87602816798691 0.87602816798691
0 0.13745966693566 0 0
-0.060000000003213 0 -0.18872983341904 -0.11127016654882
-0 -0.13745966693566 -0 -0
-0.034919333858463 0 -0.13524199846551 0.10983866769765
0.27491933387132 -0 -0.50983866776191 -1.064758001406
0 0.080000000025706 0 -0
-0.034919333858463 0 -0.10983866769765 0.13524199846551
-0 -0.080000000025706 -0 0
0.27491933387132 -0 1.064758001406 0.50983866776191
0.16000000005141 -0 0.61967733545956 -0.61967733545956

 weight 0.43895747613937
0 0 0 -0
-0 -0 -0 0
0 0 0 -0
-0 -0 -0 0
-0 -0 -0 -0
0 0 0 0
-0 -0 -0 -0
0 0 0 0
-0 0 -0.34364916728393 0
0 0.34364916728393 -0 -0
0 -0 0.34364916728393 -0
-0 -0.34364916728393 0 0
0 0 0 0
-0 -0 -0 -0
0 0 0 0
-0 -0 -0 -0
0 -0 0.043649167316066 0
-0 -0.043649167316066 0 -0
-0 0 -0.043649167316066 -0
0 0.043649167316066 -0 0
0.68729833456787 -0 -0 -1.2745966692
-0 0 -0.20000000003213 -0
0 0.20000000003213 -0 0
0 -0 0.20000000003213 0
-0 -0.20000000003213 0 -0
-0.087298334632133 0 0 -0.2745966692
0.40000000006427 -0 -0 1.5491933384

 weight 0.7023319618546
-0 -0 -0 -0
0 0 0 0
-0 -0 -0 -0
0 0 0 0
0 0 0 0
-0 -0 -0 -0
0 0 0 0
-0 -0 -0 -0
0 -0 0 0
-0 -0 0 -0
-0 0 -0 -0
0 0 -0 0
0 0 0 -0
-0 -0 -0 0
0 0 0 -0
-0 -0 -0 0
-0 0 -0 -0
0 0 -0 0
0 -0 0 0
-0 -0 0 -0
-0 0 0 -0.5
-0 0 -0.5 0
0 0.5 -0 -0
0 -0 0.5 -0
-0 -0.5 0 0
0 -0 -0 0.5
1 -0 -0 -0

 weight 0.43895747613937
-0 -0 -0 0
0 0 0 -0
-0 -0 -0 0
0 0 0 -0
0 0 0 0
-0 -0 -0 -0
0 0 0 0
-0 -0 -0 -0
0 -0 0.043649167316066 -0
-0 -0.043649167316066 0 0
-0 0 -0.043649167316066 0
0 0.043649167316066 -0 -0
0 0 0 -0
-0 -0 -0 0
0 0 0 -0
-0 -0 -0 0
-0 0 -0.34364916728393 -0
0 0.34364916728393 -0 0
0 -0 0.34364916728393 0
-0 -0.34364916728393 0 -0
-0.087298334632133 0 0 0.2745966692
-0 0 -0.20000000003213 0
0 0.20000000003213 -0 -0
0 -0 0.20000000003213 -0
-0 -0.20000000003213 0 0
0.68729833456787 -0 -0 1.2745966692
0.40000000006427 -0 -0 -1.5491933384

 weight 0.27434842257476
0 0.030000000001607 -0 -0
-0 -0.030000000001607 0 0
0 0.23618950034988 0 -0
-0 -0.23618950034988 -0 0
-0 -0.0038104996147719 0 -0
0 0.0038104996147719 -0 0
-0 -0.030000000001607 -0 -0
0 0.030000000001607 0 0
-0.060000000003213 0 0.18872983341904 0.11127016654882
0 0.13745966693566 -0 -0
0.47237900069976 -0 0.87602816798691 -0.87602816798691
-0 -0.13745966693566 0 0
0 0.017459666929232 -0 0
-0 -0.017459666929232 0 -0
0 0.13745966693566 0 0
-0 -0.13745966693566 -0 -0
0.0076209992295439 -0 -0.023971831916691 0.023971831916691
-0 -0.017459666929232 0 -0
-0.060000000003213 0 -0.11127016654882 -0.18872983341904
0 0.017459666929232 -0 0
0.27491933387132 -0 -1.064758001406 -0.50983866776191
-0.034919333858463 0 0.10983866769765 -0.13524199846551
0 0.080000000025706 -0 0
0.27491933387132 -0 0.50983866776191 1.064758001406
-0 -0.080000000025706 0 -0
-0.034919333858463 0 0.13524199846551 -0.10983866769765
0.16000000005141 -0 -0.61967733545956 0.61967733545956

 weight 0.43895747613937
-0 -0 0 -0
0 0 -0 0
-0 -0 -0 -0
0 0 0 0
0 0 -0 0
-0 -0 0 -0
0 0 0 0
-0 -0 -0 -0
0 -0 -0 0.043649167316066
-0 -0 0 -0
-0 0 -0 -0.34364916728393
0 0 -0 0
0 0.043649167316066 -0 -0
-0 -0.043649167316066 0 0
0 0.34364916728393 0 -0
-0 -0.34364916728393 -0 0
-0 0 0 -0.043649167316066
0 0 -0 0
0 -0 0 0.34364916728393
-0 -0 0 -0
-0 0 0 -0.20000000003213
-0.087298334632133 0 0.2745966692 0
0 0.20000000003213 -0 -0
0.68729833456787 -0 1.2745966692 -0
-0 -0.20000000003213 0 0
0 -0 -0 0.20000000003213
0.40000000006427 -0 -1.5491933384 -0

 weight 0.27434842257476
-0 -0.0038104996147719 0 0
0 0.0038104996147719 -0 -0
-0 -0.030000000001607 -0 0
0 0.030000000001607 0 -0
0 0.030000000001607 -0 0
-0 -0.030000000001607 0 -0
0 0.23618950034988 0 0
-0 -0.23618950034988 -0 -0
0.0076209992295439 -0 -0.023971831916691 -0.023971831916691
-0 -0.017459666929232 0 0
-0.060000000003213 0 -0.11127016654882 0.18872983341904
0 0.017459666929232 -0 -0
0 0.017459666929232 -0 -0
-0 -0.017459666929232 0 0
0 0.13745966693566 0 -0
-0 -0.13745966693566 -0 0
-0.060000000003213 0 0.18872983341904 -0.11127016654882
0 0.13745966693566 -0 0
0.47237900069976 -0 0.87602816798691 0.87602816798691
-0 -0.13745966693566 0 -0
-0.034919333858463 0 0.13524199846551 0.10983866769765
-0.034919333858463 0 0.10983866769765 0.13524199846551
0 0.080000000025706 -0 -0
0.27491933387132 -0 0.50983866776191 -1.064758001406
-0 -0.080000000025706 0 0
0.27491933387132 -0 -1.064758001406 0.50983866776191
0.16000000005141 -0 -0.61967733545956 -0.61967733545956

 weight 0.17146776410151
-0.041237900076281 0.12971370019218 0.076475800156096 0.076475800156096
0.32466530046578 0.60209270089194 -0.60209270089194 -0.60209270089194
-0.041237900076281 -0.076475800156096 -0.12971370019218 0.076475800156096
0.0052379000782085 -0.016475800152882 0.016475800152882 -0.0097137002339524
0.0052379000782085 -0.016475800152882 -0.0097137002339524 0.016475800152882
-0.041237900076281 -0.076475800156096 0.076475800156096 -0.12971370019218
0.0052379000782085 0.0097137002339524 0.016475800152882 0.016475800152882
-0.00066530054097195 0.0020927010044085 -0.0020927010044085 -0.0020927010044085
0.18895160031026 -0.73180640108412 -0.35041126725106 -0.35041126725106
0.18895160031026 0.35041126725106 0.73180640108412 -0.35041126725106
-0.024000000005141 0.092951600308978 -0.075491933379746 0.04450806662668
-0.024000000005141 0.075491933379746 -0.092951600308978 0.04450806662668
-0.024000000005141 0.075491933379746 0.04450806662668 -0.092951600308978
0.18895160031026 0.35041126725106 -0.35041126725106 0.73180640108412
-0.024000000005141 -0.04450806662668 -0.075491933379746 -0.092951600308978
0.0030483996923073 -0.0095887327682168 0.0095887327682168 0.011806401238361
-0.024000000005141 0.092951600308978 0.04450806662668 -0.075491933379746
-0.024000000005141 -0.04450806662668 -0.092951600308978 -0.075491933379746
0.0030483996923073 -0.011806401238361 0.0095887327682168 0.0095887327682168
0.0030483996923073 -0.0095887327682168 0.011806401238361 0.0095887327682168
0.10996773356619 -0.42590320063081 0.42590320063081 -0.20393546713753
0.10996773356619 -0.42590320063081 -0.20393546713753 0.42590320063081
0.10996773356619 0.20393546713753 0.42590320063081 0.42590320063081
-0.013967733545629 0.054096799394897 -0.043935467086118 -0.054096799394897
-0.013967733545629 0.043935467086118 -0.054096799394897 -0.054096799394897
-0.013967733545629 0.054096799394897 -0.054096799394897 -0.043935467086118
0.064000000030848 -0.24787093422365 0.24787093422365 0.24787093422365

 weight 0.27434842257476
0 -0 -0 0.030000000001607
-0 -0 0 -0.23618950034988
0 0 0 0.030000000001607
-0 0 -0 -0.0038104996147719
-0 0 0 -0.030000000001607
0 0 -0 0.23618950034988
-0 -0 -0 -0.030000000001607
0 -0 0 0.0038104996147719
-0 0 0 -0.13745966693566
-0 -0 -0 -0.13745966693566
0 -0 0 0.017459666929232
0 -0 0 0.017459666929232
-0.060000000003213 0.18872983341904 0.11127016654882 0
0.47237900069976 0.87602816798691 -0.87602816798691 -0
-0.060000000003213 -0.11127016654882 -0.18872983341904 0
0.0076209992295439 -0.023971831916691 0.023971831916691 -0
0 -0 -0 0.13745966693566
0 0 0 0.13745966693566
-0 0 -0 -0.017459666929232
-0 0 -0 -0.017459666929232
-0 0 -0 -0.080000000025706
0.27491933387132 -1.064758001406 -0.50983866776191 -0
0.27491933387132 0.50983866776191 1.064758001406 -0
-0.034919333858463 0.13524199846551 -0.10983866769765 0
-0.034919333858463 0.10983866769765 -0.13524199846551 0
0 -0 0 0.080000000025706
0.16000000005141 -0.61967733545956 0.61967733545956 -0

 weight 0.17146776410151
0.0052379000782085 -0.016475800152882 -0.0097137002339524 -0.016475800152882
-0.041237900076281 -0.076475800156096 0.076475800156096 0.12971370019218
0.0052379000782085 0.0097137002339524 0.016475800152882 -0.016475800152882
-0.00066530054097195 0.0020927010044085 -0.0020927010044085 0.0020927010044085
-0.041237900076281 0.12971370019218 0.076475800156096 -0.076475800156096
0.32466530046578 0.60209270089194 -0.60209270089194 0.60209270089194
-0.041237900076281 -0.076475800156096 -0.12971370019218 -0.076475800156096
0.0052379000782085 -0.016475800152882 0.016475800152882 0.0097137002339524
-0.024000000005141 0.092951600308978 0.04450806662668 0.075491933379746
-0.024000000005141 -0.04450806662668 -0.092951600308978 0.075491933379746
0.0030483996923073 -0.011806401238361 0.0095887327682168 -0.0095887327682168
0.0030483996923073 -0.0095887327682168 0.011806401238361 -0.0095887327682168
-0.024000000005141 0.075491933379746 0.04450806662668 0.092951600308978
0.18895160031026 0.35041126725106 -0.35041126725106 -0.73180640108412
-0.024000000005141 -0.04450806662668 -0.075491933379746 0.092951600308978
0.0030483996923073 -0.0095887327682168 0.0095887327682168 -0.011806401238361
0.18895160031026 -0.73180640108412 -0.35041126725106 0.35041126725106
0.18895160031026 0.35041126725106 0.73180640108412 0.35041126725106
-0.024000000005141 0.092951600308978 -0.075491933379746 -0.04450806662668
-0.024000000005141 0.075491933379746 -0.092951600308978 -0.04450806662668
-0.013967733545629 0.054096799394897 -0.054096799394897 0.043935467086118
0.10996773356619 -0.42590320063081 -0.20393546713753 -0.42590320063081
0.10996773356619 0.20393546713753 0.42590320063081 -0.42590320063081
-0.013967733545629 0.054096799394897 -0.043935467086118 0.054096799394897
-0.013967733545629 0.043935467086118 -0.054096799394897 0.054096799394897
0.10996773356619 -0.42590320063081 0.42590320063081 0.20393546713753
0.064000000030848 -0.24787093422365 0.24787093422365 -0.24787093422365

 weight 0.27434842257476
0 -0 0.030000000001607 -0
-0 -0 -0.23618950034988 0
0 0 0.23618950034988 -0
-0 0 -0.030000000001607 0
-0 0 -0.0038104996147719 -0
0 0 0.030000000001607 0
-0 -0 -0.030000000001607 -0
0 -0 0.0038104996147719 0
-0 0 -0.13745966693566 0
0.47237900069976 0.87602816798691 -0 -0.87602816798691
0 -0 0.13745966693566 -0
-0.060000000003213 0.18872983341904 0 0.11127016654882
0 -0 0.017459666929232 0
-0 -0 -0.13745966693566 -0
0 0 0.13745966693566 0
-0 0 -0.017459666929232 -0
0 -0 0.017459666929232 0
-0.060000000003213 -0.11127016654882 0 -0.18872983341904
-0 0 -0.017459666929232 -0
0.0076209992295439 -0.023971831916691 -0 0.023971831916691
0.27491933387132 -1.064758001406 -0 -0.50983866776191
-0 0 -0.080000000025706 -0
0.27491933387132 0.50983866776191 -0 1.064758001406
0 -0 0.080000000025706 0
-0.034919333858463 0.10983866769765 0 -0.13524199846551
-0.034919333858463 0.13524199846551 0 -0.10983866769765
0.16000000005141 -0.61967733545956 -0 0.61967733545956

 weight 0.43895747613937
-0 0 -0 -0
0 0 0 0
-0 -0 -0 -0
0 -0 0 0
0 -0 0 0
-0 -0 -0 -0
0 0 0 0
-0 0 -0 -0
0 -0 0 0
-0 -0 0 -0.34364916728393
-0 0 -0 -0
0 -0 -0 0.043649167316066
0 -0 0.043649167316066 -0
-0 -0 -0.34364916728393 0
0 0 0.34364916728393 -0
-0 0 -0.043649167316066 0
-0 0 -0 -0
0 0 -0 0.34364916728393
0 -0 0 0
-0 0 0 -0.043649167316066
-0 0 0 -0.20000000003213
-0 0 -0.20000000003213 0
0.68729833456787 1.2745966692 -0 -0
0 -0 0.20000000003213 -0
-0.087298334632133 0.2745966692 0 0
0 -0 -0 0.20000000003213
0.40000000006427 -1.5491933384 -0 -0

 weight 0.27434842257476
-0 0 -0.0038104996147719 0
0 0 0.030000000001607 -0
-0 -0 -0.030000000001607 0
0 -0 0.0038104996147719 -0
0 -0 0.030000000001607 0
-0 -0 -0.23618950034988 -0
0 0 0.23618950034988 0
-0 0 -0.030000000001607 -0
0 -0 0.017459666929232 -0
-0.060000000003213 -0.11127016654882 0 0.18872983341904
-0 0 -0.017459666929232 0
0.0076209992295439 -0.023971831916691 -0 -0.023971831916691
0 -0 0.017459666929232 -0
-0 -0 -0.13745966693566 0
0 0 0.13745966693566 -0
-0 0 -0.017459666929232 0
-0 0 -0.13745966693566 -0
0.47237900069976 0.87602816798691 -0 0.87602816798691
0 -0 0.13745966693566 0
-0.060000000003213 0.18872983341904 0 -0.11127016654882
-0.034919333858463 0.13524199846551 0 0.10983866769765
-0 0 -0.080000000025706 0
0.27491933387132 0.50983866776191 -0 -1.064758001406
0 -0 0.080000000025706 -0
-0.034919333858463 0.10983866769765 0 0.13524199846551
0.27491933387132 -1.064758001406 -0 0.50983866776191
0.16000000005141 -0.61967733545956 -0 -0.61967733545956

 weight 0.17146776410151
0.0052379000782085 -0.016475800152882 -0.016475800152882 -0.0097137002339524
-0.041237900076281 -0.076475800156096 0.12971370019218 0.076475800156096
0.32466530046578 0.60209270089194 0.60209270089194 -0.60209270089194
-0.041237900076281 0.12971370019218 -0.076475800156096 0.076475800156096
-0.00066530054097195 0.0020927010044085 0.0020927010044085 -0.0020927010044085
0.0052379000782085 0.0097137002339524 -0.016475800152882 0.016475800152882
-0.041237900076281 -0.076475800156096 -0.076475800156096 -0.12971370019218
0.0052379000782085 -0.016475800152882 0.0097137002339524 0.016475800152882
-0.024000000005141 0.092951600308978 0.075491933379746 0.04450806662668
0.18895160031026 0.35041126725106 -0.73180640108412 -0.35041126725106
0.18895160031026 -0.73180640108412 0.35041126725106 -0.35041126725106
-0.024000000005141 0.075491933379746 0.092951600308978 0.04450806662668
0.0030483996923073 -0.0095887327682168 -0.0095887327682168 0.011806401238361
-0.024000000005141 -0.04450806662668 0.075491933379746 -0.092951600308978
0.18895160031026 0.35041126725106 0.35041126725106 0.73180640108412
-0.024000000005141 0.075491933379746 -0.04450806662668 -0.092951600308978
0.0030483996923073 -0.011806401238361 -0.0095887327682168 0.0095887327682168
-0.024000000005141 -0.04450806662668 0.092951600308978 -0.075491933379746
-0.024000000005141 0.092951600308978 -0.04450806662668 -0.075491933379746
0.0030483996923073 -0.0095887327682168 -0.011806401238361 0.0095887327682168
0.10996773356619 -0.42590320063081 -0.42590320063081 -0.20393546713753
-0.013967733545629 0.054096799394897 0.043935467086118 -0.054096799394897
0.10996773356619 0.20393546713753 -0.42590320063081 0.42590320063081
0.10996773356619 -0.42590320063081 0.20393546713753 0.42590320063081
-0.013967733545629 0.043935467086118 0.054096799394897 -0.054096799394897
-0.013967733545629 0.054096799394897 0.054096799394897 -0.043935467086118
0.064000000030848 -0.24787093422365 -0.24787093422365 0.24787093422365

 weight 0.27434842257476
-0 0 0 -0.0038104996147719
0 0 -0 0.030000000001607
-0 -0 -0 -0.23618950034988
0 -0 0 0.030000000001607
0 -0 -0 0.0038104996147719
-0 -0 0 -0.030000000001607
0 0 0 0.23618950034988
-0 0 -0 -0.030000000001607
0 -0 -0 0.017459666929232
-0 -0 0 -0.13745966693566
-0 0 -0 -0.13745966693566
0 -0 -0 0.017459666929232
0.0076209992295439 -0.023971831916691 -0.023971831916691 -0
-0.060000000003213 -0.11127016654882 0.18872983341904 0
0.47237900069976 0.87602816798691 0.87602816798691 -0
-0.060000000003213 0.18872983341904 -0.11127016654882 0
-0 0 0 -0.017459666929232
0 0 -0 0.13745966693566
0 -0 0 0.13745966693566
-0 0 0 -0.017459666929232
-0 0 0 -0.080000000025706
-0.034919333858463 0.13524199846551 0.10983866769765 0
0.27491933387132 0.50983866776191 -1.064758001406 -0
0.27491933387132 -1.064758001406 0.50983866776191 -0
-0.034919333858463 0.10983866769765 0.13524199846551 0
0 -0 -0 0.080000000025706
0.16000000005141 -0.61967733545956 -0.61967733545956 -0

 weight 0.17146776410151
-0.00066530054097195 0.0020927010044085 0.0020927010044085 0.0020927010044085
0.0052379000782085 0.0097137002339524 -0.016475800152882 -0.016475800152882
-0.041237900076281 -0.076475800156096 -0.076475800156096 0.12971370019218
0.0052379000782085 -0.016475800152882 0.0097137002339524 -0.016475800152882
0.0052379000782085 -0.016475800152882 -0.016475800152882 0.0097137002339524
-0.041237900076281 -0.076475800156096 0.12971370019218 -0.076475800156096
0.32466530046578 0.60209270089194 0.60209270089194 0.60209270089194
-0.041237900076281 0.12971370019218 -0.076475800156096 -0.076475800156096
0.0030483996923073 -0.011806401238361 -0.0095887327682168 -0.0095887327682168
-0.024000000005141 -0.04450806662668 0.092951600308978 0.075491933379746
-0.024000000005141 0.092951600308978 -0.04450806662668 0.075491933379746
0.0030483996923073 -0.0095887327682168 -0.011806401238361 -0.0095887327682168
0.0030483996923073 -0.0095887327682168 -0.0095887327682168 -0.011806401238361
-0.024000000005141 -0.04450806662668 0.075491933379746 0.092951600308978
0.18895160031026 0.35041126725106 0.35041126725106 -0.73180640108412
-0.024000000005141 0.075491933379746 -0.04450806662668 0.092951600308978
-0.024000000005141 0.092951600308978 0.075491933379746 -0.04450806662668
0.18895160031026 0.35041126725106 -0.73180640108412 0.35041126725106
0.18895160031026 -0.73180640108412 0.35041126725106 0.35041126725106
-0.024000000005141 0.075491933379746 0.092951600308978 -0.04450806662668
-0.013967733545629 0.054096799394897 0.054096799394897 0.043935467086118
-0.013967733545629 0.054096799394897 0.043935467086118 0.054096799394897
0.10996773356619 0.20393546713753 -0.42590320063081 -0.42590320063081
0.10996773356619 -0.42590320063081 0.20393546713753 -0.42590320063081
-0.013967733545629 0.043935467086118 0.054096799394897 0.054096799394897
0.10996773356619 -0.42590320063081 -0.42590320063081 0.20393546713753
0.064000000030848 -0.24787093422365 -0.24787093422365 -0.24787093422365

