 gauss gpoints 27
 weight 0.17146776410151
0.69856850110968 -0.39364916729197 -0.39364916729197 -0.39364916729197
0.088729833474256 0.39364916729197 -0.050000000008033 -0.050000000008033
0.011270166541811 0.050000000008033 0.050000000008033 -0.0063508326919668
0.088729833474256 -0.050000000008033 0.39364916729197 -0.050000000008033
0.088729833474256 -0.050000000008033 -0.050000000008033 0.39364916729197
0.011270166541811 0.050000000008033 -0.0063508326919668 0.050000000008033
0.0014314988421228 0.0063508326919668 0.0063508326919668 0.0063508326919668
0.011270166541811 -0.0063508326919668 0.050000000008033 0.050000000008033

 weight 0.27434842257476
0.39364916729197 -0.22182458365 -0.22182458365 -0.39364916729197
0.050000000008033 0.22182458365 -0.02817541635 -0.050000000008033
0.0063508326919668 0.02817541635 0.02817541635 -0.0063508326919668
0.050000000008033 -0.02817541635 0.22182458365 -0.050000000008033
0.39364916729197 -0.22182458365 -0.22182458365 0.39364916729197
0.050000000008033 0.22182458365 -0.02817541635 0.050000000008033
0.0063508326919668 0.02817541635 0.02817541635 0.0063508326919668
0.050000000008033 -0.02817541635 0.22182458365 0.050000000008033

 weight 0.17146776410151
0.088729833474256 -0.050000000008033 -0.050000000008033 -0.39364916729197
0.011270166541811 0.050000000008033 -0.0063508326919668 -0.050000000008033
0.0014314988421228 0.0063508326919668 0.0063508326919668 -0.0063508326919668
0.011270166541811 -0.0063508326919668 0.050000000008033 -0.050000000008033
0.69856850110968 -0.39364916729197 -0.39364916729197 0.39364916729197
0.088729833474256 0.39364916729197 -0.050000000008033 0.050000000008033
0.011270166541811 0.050000000008033 0.050000000008033 0.0063508326919668
0.088729833474256 -0.050000000008033 0.39364916729197 0.050000000008033

 weight 0.27434842257476
0.39364916729197 -0.22182458365 -0.39364916729197 -0.22182458365
0.050000000008033 0.22182458365 -0.050000000008033 -0.02817541635
0.050000000008033 0.22182458365 0.050000000008033 -0.02817541635
0.39364916729197 -0.22182458365 0.39364916729197 -0.22182458365
0.050000000008033 -0.02817541635 -0.050000000008033 0.22182458365
0.0063508326919668 0.02817541635 -0.0063508326919668 0.02817541635
0.0063508326919668 0.02817541635 0.0063508326919668 0.02817541635
0.050000000008033 -0.02817541635 0.050000000008033 0.22182458365

 weight 0.43895747613937
0.22182458365 -0.125 -0.22182458365 -0.22182458365
0.02817541635 0.125 -0.02817541635 -0.02817541635
0.02817541635 0.125 0.02817541635 -0.02817541635
0.22182458365 -0.125 0.22182458365 -0.22182458365
0.22182458365 -0.125 -0.22182458365 0.22182458365
0.02817541635 0.125 -0.02817541635 0.02817541635
0.02817541635 0.125 0.02817541635 0.02817541635
0.22182458365 -0.125 0.22182458365 0.22182458365

 weight 0.27434842257476
0.050000000008033 -0.02817541635 -0.050000000008033 -0.22182458365
0.0063508326919668 0.02817541635 -0.0063508326919668 -0.02817541635
0.0063508326919668 0.02817541635 0.0063508326919668 -0.02817541635
0.050000000008033 -0.02817541635 0.050000000008033 -0.22182458365
0.39364916729197 -0.22182458365 -0.39364916729197 0.22182458365
0.050000000008033 0.22182458365 -0.050000000008033 0.02817541635
0.050000000008033 0.22182458365 0.050000000008033 0.02817541635
0.39364916729197 -0.22182458365 0.39364916729197 0.22182458365

 weight 0.17146776410151
0.088729833474256 -0.050000000008033 -0.39364916729197 -0.050000000008033
0.011270166541811 0.050000000008033 -0.050000000008033 -0.0063508326919668
0.088729833474256 0.39364916729197 0.050000000008033 -0.050000000008033
0.69856850110968 -0.39364916729197 0.39364916729197 -0.39364916729197
0.011270166541811 -0.0063508326919668 -0.050000000008033 0.050000000008033
0.0014314988421228 0.0063508326919668 -0.0063508326919668 0.0063508326919668
0.011270166541811 0.050000000008033 0.0063508326919668 0.050000000008033
0.088729833474256 -0.050000000008033 0.050000000008033 0.39364916729197

 weight 0.27434842257476
0.050000000008033 -0.02817541635 -0.22182458365 -0.050000000008033
0.0063508326919668 0.02817541635 -0.02817541635 -0.0063508326919668
0.050000000008033 0.22182458365 0.02817541635 -0.050000000008033
0.39364916729197 -0.22182458365 0.22182458365 -0.39364916729197
0.050000000008033 -0.02817541635 -0.22182458365 0.050000000008033
0.0063508326919668 0.02817541635 -0.02817541635 0.0063508326919668
0.050000000008033 0.22182458365 0.02817541635 0.050000000008033
0.39364916729197 -0.22182458365 0.22182458365 0.39364916729197

 weight 0.17146776410151
0.011270166541811 -0.0063508326919668 -0.050000000008033 -0.050000000008033
0.0014314988421228 0.0063508326919668 -0.0063508326919668 -0.0063508326919668
0.011270166541811 0.050000000008033 0.0063508326919668 -0.050000000008033
0.088729833474256 -0.050000000008033 0.050000000008033 -0.39364916729197
0.088729833474256 -0.050000000008033 -0.39364916729197 0.050000000008033
0.011270166541811 0.050000000008033 -0.050000000008033 0.0063508326919668
0.088729833474256 0.39364916729197 0.050000000008033 0.050000000008033
0.69856850110968 -0.39364916729197 0.39364916729197 0.39364916729197

 weight 0.27434842257476
0.39364916729197 -0.39364916729197 -0.22182458365 -0.22182458365
0.39364916729197 0.39364916729197 -0.22182458365 -0.22182458365
0.050000000008033 0.050000000008033 0.22182458365 -0.02817541635
0.050000000008033 -0.050000000008033 0.22182458365 -0.02817541635
0.050000000008033 -0.050000000008033 -0.02817541635 0.22182458365
0.050000000008033 0.050000000008033 -0.02817541635 0.22182458365
0.0063508326919668 0.0063508326919668 0.02817541635 0.02817541635
0.0063508326919668 -0.0063508326919668 0.02817541635 0.02817541635

 weight 0.43895747613937
0.22182458365 -0.22182458365 -0.125 -0.22182458365
0.22182458365 0.22182458365 -0.125 -0.22182458365
0.02817541635 0.02817541635 0.125 -0.02817541635
0.02817541635 -0.02817541635 0.125 -0.02817541635
0.22182458365 -0.22182458365 -0.125 0.22182458365
0.22182458365 0.22182458365 -0.125 0.22182458365
0.02817541635 0.02817541635 0.125 0.02817541635
0.02817541635 -0.02817541635 0.125 0.02817541635

 weight 0.27434842257476
0.050000000008033 -0.050000000008033 -0.02817541635 -0.22182458365
0.050000000008033 0.050000000008033 -0.02817541635 -0.22182458365
0.0063508326919668 0.0063508326919668 0.02817541635 -0.02817541635
0.0063508326919668 -0.0063508326919668 0.02817541635 -0.02817541635
0.39364916729197 -0.39364916729197 -0.22182458365 0.22182458365
0.39364916729197 0.39364916729197 -0.22182458365 0.22182458365
0.050000000008033 0.050000000008033 0.22182458365 0.02817541635
0.050000000008033 -0.050000000008033 0.22182458365 0.02817541635

 weight 0.43895747613937
0.22182458365 -0.22182458365 -0.22182458365 -0.125
0.22182458365 0.22182458365 -0.22182458365 -0.125
0.22182458365 0.22182458365 0.22182458365 -0.125
0.22182458365 -0.22182458365 0.22182458365 -0.125
0.02817541635 -0.02817541635 -0.02817541635 0.125
0.02817541635 0.02817541635 -0.02817541635 0.125
0.02817541635 0.02817541635 0.02817541635 0.125
0.02817541635 -0.02817541635 0.02817541635 0.125

 weight 0.7023319618546
0.125 -0.125 -0.125 -0.125
0.125 0.125 -0.125 -0.125
0.125 0.125 0.125 -0.125
0.125 -0.125 0.125 -0.125
0.125 -0.125 -0.125 0.125
0.125 0.125 -0.125 0.125
0.125 0.125 0.125 0.125
0.125 -0.125 0.125 0.125

 weight 0.43895747613937
0.02817541635 -0.02817541635 -0.02817541635 -0.125
0.02817541635 0.02817541635 -0.02817541635 -0.125
0.02817541635 0.02817541635 0.02817541635 -0.125
0.02817541635 -0.02817541635 0.02817541635 -0.125
0.22182458365 -0.22182458365 -0.22182458365 0.125
0.22182458365 0.22182458365 -0.22182458365 0.125
0.22182458365 0.22182458365 0.22182458365 0.125
0.22182458365 -0.22182458365 0.22182458365 0.125

 weight 0.27434842257476
0.050000000008033 -0.050000000008033 -0.22182458365 -0.02817541635
0.050000000008033 0.050000000008033 -0.22182458365 -0.02817541635
0.39364916729197 0.39364916729197 0.22182458365 -0.22182458365
0.39364916729197 -0.39364916729197 0.22182458365 -0.22182458365
0.0063508326919668 -0.0063508326919668 -0.02817541635 0.02817541635
0.0063508326919668 0.0063508326919668 -0.02817541635 0.02817541635
0.050000000008033 0.050000000008033 0.02817541635 0.22182458365
0.050000000008033 -0.050000000008033 0.02817541635 0.22182458365

 weight 0.43895747613937
0.02817541635 -0.02817541635 -0.125 -0.02817541635
0.02817541635 0.02817541635 -0.125 -0.02817541635
0.22182458365 0.22182458365 0.125 -0.22182458365
0.22182458365 -0.22182458365 0.125 -0.22182458365
0.02817541635 -0.02817541635 -0.125 0.02817541635
0.02817541635 0.02817541635 -0.125 0.02817541635
0.22182458365 0.22182458365 0.125 0.22182458365
0.22182458365 -0.22182458365 0.125 0.22182458365

 weight 0.27434842257476
0.0063508326919668 -0.0063508326919668 -0.02817541635 -0.02817541635
0.0063508326919668 0.0063508326919668 -0.02817541635 -0.02817541635
0.050000000008033 0.050000000008033 0.02817541635 -0.22182458365
0.050000000008033 -0.050000000008033 0.02817541635 -0.22182458365
0.050000000008033 -0.050000000008033 -0.22182458365 0.02817541635
0.050000000008033 0.050000000008033 -0.22182458365 0.02817541635
0.39364916729197 0.39364916729197 0.22182458365 0.22182458365
0.39364916729197 -0.39364916729197 0.22182458365 0.22182458365

 weight 0.17146776410151
0.088729833474256 -0.39364916729197 -0.050000000008033 -0.050000000008033
0.69856850110968 0.39364916729197 -0.39364916729197 -0.39364916729197
0.088729833474256 0.050000000008033 0.39364916729197 -0.050000000008033
0.011270166541811 -0.050000000008033 0.050000000008033 -0.0063508326919668
0.011270166541811 -0.050000000008033 -0.0063508326919668 0.050000000008033
0.088729833474256 0.050000000008033 -0.050000000008033 0.39364916729197
0.011270166541811 0.0063508326919668 0.050000000008033 0.050000000008033
0.0014314988421228 -0.0063508326919668 0.0063508326919668 0.0063508326919668

 weight 0.27434842257476
0.050000000008033 -0.22182458365 -0.02817541635 -0.050000000008033
0.39364916729197 0.22182458365 -0.22182458365 -0.39364916729197
0.050000000008033 0.02817541635 0.22182458365 -0.050000000008033
0.0063508326919668 -0.02817541635 0.02817541635 -0.0063508326919668
0.050000000008033 -0.22182458365 -0.02817541635 0.050000000008033
0.39364916729197 0.22182458365 -0.22182458365 0.39364916729197
0.050000000008033 0.02817541635 0.22182458365 0.050000000008033
0.0063508326919668 -0.02817541635 0.02817541635 0.0063508326919668

 weight 0.17146776410151
0.011270166541811 -0.050000000008033 -0.0063508326919668 -0.050000000008033
0.088729833474256 0.050000000008033 -0.050000000008033 -0.39364916729197
0.011270166541811 0.0063508326919668 0.050000000008033 -0.050000000008033
0.0014314988421228 -0.0063508326919668 0.0063508326919668 -0.0063508326919668
0.088729833474256 -0.39364916729197 -0.050000000008033 0.050000000008033
0.69856850110968 0.39364916729197 -0.39364916729197 0.39364916729197
0.088729833474256 0.050000000008033 0.39364916729197 0.050000000008033
0.011270166541811 -0.050000000008033 0.050000000008033 0.0063508326919668

 weight 0.27434842257476
0.050000000008033 -0.22182458365 -0.050000000008033 -0.02817541635
0.39364916729197 0.22182458365 -0.39364916729197 -0.22182458365
0.39364916729197 0.22182458365 0.39364916729197 -0.22182458365
0.050000000008033 -0.22182458365 0.050000000008033 -0.02817541635
0.0063508326919668 -0.02817541635 -0.0063508326919668 0.02817541635
0.050000000008033 0.02817541635 -0.050000000008033 0.22182458365
0.050000000008033 0.02817541635 0.050000000008033 0.22182458365
0.0063508326919668 -0.02817541635 0.0063508326919668 0.02817541635

 weight 0.43895747613937
0.02817541635 -0.125 -0.02817541635 -0.02817541635
0.22182458365 0.125 -0.22182458365 -0.22182458365
0.22182458365 0.125 0.22182458365 -0.22182458365
0.02817541635 -0.125 0.02817541635 -0.02817541635
0.02817541635 -0.125 -0.02817541635 0.02817541635
0.22182458365 0.125 -0.22182458365 0.22182458365
0.22182458365 0.125 0.22182458365 0.22182458365
0.02817541635 -0.125 0.02817541635 0.02817541635

 weight 0.27434842257476
0.0063508326919668 -0.02817541635 -0.0063508326919668 -0.02817541635
0.050000000008033 0.02817541635 -0.050000000008033 -0.22182458365
0.050000000008033 0.02817541635 0.050000000008033 -0.22182458365
0.0063508326919668 -0.02817541635 0.0063508326919668 -0.02817541635
0.050000000008033 -0.22182458365 -0.050000000008033 0.02817541635
0.39364916729197 0.22182458365 -0.39364916729197 0.22182458365
0.39364916729197 0.22182458365 0.39364916729197 0.22182458365
0.050000000008033 -0.22182458365 0.050000000008033 0.02817541635

 weight 0.17146776410151
0.011270166541811 -0.050000000008033 -0.050000000008033 -0.0063508326919668
0.088729833474256 0.050000000008033 -0.39364916729197 -0.050000000008033
0.69856850110968 0.39364916729197 0.39364916729197 -0.39364916729197
0.088729833474256 -0.39364916729197 0.050000000008033 -0.050000000008033
0.0014314988421228 -0.0063508326919668 -0.0063508326919668 0.0063508326919668
0.011270166541811 0.0063508326919668 -0.050000000008033 0.050000000008033
0.088729833474256 0.050000000008033 0.050000000008033 0.39364916729197
0.011270166541811 -0.050000000008033 0.0063508326919668 0.050000000008033

 weight 0.27434842257476
0.0063508326919668 -0.02817541635 -0.02817541635 -0.0063508326919668
0.050000000008033 0.02817541635 -0.22182458365 -0.050000000008033
0.39364916729197 0.22182458365 0.22182458365 -0.39364916729197
0.050000000008033 -0.22182458365 0.02817541635 -0.050000000008033
0.0063508326919668 -0.02817541635 -0.02817541635 0.0063508326919668
0.050000000008033 0.02817541635 -0.22182458365 0.050000000008033
0.39364916729197 0.22182458365 0.22182458365 0.39364916729197
0.050000000008033 -0.22182458365 0.02817541635 0.050000000008033

 weight 0.17146776410151
0.0014314988421228 -0.0063508326919668 -0.0063508326919668 -0.0063508326919668
0.011270166541811 0.0063508326919668 -0.050000000008033 -0.050000000008033
0.088729833474256 0.050000000008033 0.050000000008033 -0.39364916729197
0.011270166541811 -0.050000000008033 0.0063508326919668 -0.050000000008033
0.011270166541811 -0.050000000008033 -0.050000000008033 0.0063508326919668
0.088729833474256 0.050000000008033 -0.39364916729197 0.050000000008033
0.69856850110968 0.39364916729197 0.39364916729197 0.39364916729197
0.088729833474256 -0.39364916729197 0.050000000008033 0.050000000008033

