  gauss gpoints 14
  weight  0.0375626419060053
 -0.0582722870383311 0.730631031159608 0.730631031159608 0.730631031159608 
 -0.117585809670926 0.243543677053202 0 0 
 -0.117585809670926 0 0.243543677053202 0 
 -0.117585809670926 0 0 0.243543677053202 
 0.0837430194989528 -0.97417470821281 -1.2435436770532 -1.2435436770532 
 0.38660021918475 1.2435436770532 1.2435436770532 0 
 0.0837430194989528 -1.2435436770532 -0.97417470821281 -1.2435436770532 
 0.0837430194989528 -1.2435436770532 -1.2435436770532 -0.97417470821281 
 0.38660021918475 1.2435436770532 0 1.2435436770532 
 0.38660021918475 0 1.2435436770532 1.2435436770532 
 
 weight  0.0375626419060053
 -0.117585809670926 -0.243543677053202 -0.243543677053202 -0.243543677053202 
 -0.117585809670926 0.243543677053202 0 0 
 -0.0582722870383311 -0 -0.730631031159607 -0 
 -0.117585809670926 0 0 0.243543677053202 
 0.38660021918475 -4.44089209850063e-16 -1.2435436770532 -1.2435436770532 
 0.0837430194989529 0.269368968840393 1.2435436770532 0 
 0.0837430194989529 -0.269368968840393 0.974174708212809 -0.269368968840393 
 0.38660021918475 -1.2435436770532 -1.2435436770532 -4.44089209850063e-16 
 0.38660021918475 1.2435436770532 0 1.2435436770532 
 0.0837430194989529 0 1.2435436770532 0.269368968840393 
 
 weight  0.0375626419060053
 -0.117585809670926 -0.243543677053202 -0.243543677053202 -0.243543677053202 
 -0.0582722870383311 -0.730631031159607 -0 -0 
 -0.117585809670926 0 0.243543677053202 0 
 -0.117585809670926 0 0 0.243543677053202 
 0.0837430194989529 0.974174708212809 -0.269368968840393 -0.269368968840393 
 0.0837430194989529 1.2435436770532 0.269368968840393 0 
 0.38660021918475 -1.2435436770532 -4.44089209850063e-16 -1.2435436770532 
 0.38660021918475 -1.2435436770532 -1.2435436770532 -4.44089209850063e-16 
 0.0837430194989529 1.2435436770532 0 0.269368968840393 
 0.38660021918475 0 1.2435436770532 1.2435436770532 
 
 weight  0.0375626419060053
 -0.117585809670926 -0.243543677053202 -0.243543677053202 -0.243543677053202 
 -0.117585809670926 0.243543677053202 0 0 
 -0.117585809670926 0 0.243543677053202 0 
 -0.0582722870383311 -0 -0 -0.730631031159607 
 0.38660021918475 -4.44089209850063e-16 -1.2435436770532 -1.2435436770532 
 0.38660021918475 1.2435436770532 1.2435436770532 0 
 0.38660021918475 -1.2435436770532 -4.44089209850063e-16 -1.2435436770532 
 0.0837430194989529 -0.269368968840393 -0.269368968840393 0.974174708212809 
 0.0837430194989529 0.269368968840393 0 1.2435436770532 
 0.0837430194989529 0 0.269368968840393 1.2435436770532 
 
 weight  0.0244976810387873
 0.320179626906005 -1.88717699626931 -1.88717699626931 -1.88717699626931 
 -0.0755355970104439 -0.629058998756435 -0 -0 
 -0.0755355970104439 -0 -0.629058998756435 -0 
 -0.0755355970104439 -0 -0 -0.629058998756435 
 0.267743081440881 2.51623599502574 -0.370941001243565 -0.370941001243565 
 0.0343993066008946 0.370941001243565 0.370941001243565 0 
 0.267743081440881 -0.370941001243565 2.51623599502574 -0.370941001243565 
 0.267743081440881 -0.370941001243565 -0.370941001243565 2.51623599502574 
 0.0343993066008946 0.370941001243565 0 0.370941001243565 
 0.0343993066008946 0 0.370941001243565 0.370941001243565 
 
 weight  0.0244976810387873
 -0.0755355970104439 0.629058998756435 0.629058998756435 0.629058998756435 
 -0.0755355970104439 -0.629058998756435 -0 -0 
 0.320179626906005 0 1.88717699626931 0 
 -0.0755355970104439 -0 -0 -0.629058998756435 
 0.0343993066008946 -2.22044604925031e-16 -0.370941001243565 -0.370941001243565 
 0.267743081440881 2.88717699626931 0.370941001243565 0 
 0.267743081440881 -2.88717699626931 -2.51623599502574 -2.88717699626931 
 0.0343993066008946 -0.370941001243565 -0.370941001243565 -2.22044604925031e-16 
 0.0343993066008946 0.370941001243565 0 0.370941001243565 
 0.267743081440881 0 0.370941001243565 2.88717699626931 
 
 weight  0.0244976810387873
 -0.0755355970104439 0.629058998756435 0.629058998756435 0.629058998756435 
 0.320179626906005 1.88717699626931 0 0 
 -0.0755355970104439 -0 -0.629058998756435 -0 
 -0.0755355970104439 -0 -0 -0.629058998756435 
 0.267743081440881 -2.51623599502574 -2.88717699626931 -2.88717699626931 
 0.267743081440881 0.370941001243565 2.88717699626931 0 
 0.0343993066008946 -0.370941001243565 -1.11022302462516e-16 -0.370941001243565 
 0.0343993066008946 -0.370941001243565 -0.370941001243565 -1.11022302462516e-16 
 0.267743081440881 0.370941001243565 0 2.88717699626931 
 0.0343993066008946 0 0.370941001243565 0.370941001243565 
 
 weight  0.0244976810387873
 -0.0755355970104439 0.629058998756435 0.629058998756435 0.629058998756435 
 -0.0755355970104439 -0.629058998756435 -0 -0 
 -0.0755355970104439 -0 -0.629058998756435 -0 
 0.320179626906005 0 0 1.88717699626931 
 0.0343993066008946 -3.33066907387547e-16 -0.370941001243565 -0.370941001243565 
 0.0343993066008946 0.370941001243565 0.370941001243565 0 
 0.0343993066008946 -0.370941001243565 -3.33066907387547e-16 -0.370941001243565 
 0.267743081440881 -2.88717699626931 -2.88717699626931 -2.51623599502574 
 0.267743081440881 2.88717699626931 0 0.370941001243565 
 0.267743081440881 0 2.88717699626931 0.370941001243565 
 
 weight  0.0141820069256938
 -0.0413625299473403 0.817985183497401 0.817985183497401 0.817985183497401 
 -0.0413625299473403 0.817985183497401 0 0 
 -0.0413625299473403 0 0.817985183497401 0 
 -0.0413625299473403 -0 -0 -0.817985183497401 
 0.0827250598946806 -1.6359703669948 -1.8179851834974 -1.8179851834974 
 0.82626753185402 1.8179851834974 1.8179851834974 0 
 0.0827250598946806 -1.8179851834974 -1.6359703669948 -1.8179851834974 
 0.00828234835661865 -0.182014816502599 -0.182014816502599 -1.11022302462516e-16 
 0.0827250598946806 0.182014816502599 0 1.8179851834974 
 0.0827250598946806 0 0.182014816502599 1.8179851834974 
 
 weight  0.0141820069256938
 -0.0413625299473403 -0.817985183497401 -0.817985183497401 -0.817985183497401 
 -0.0413625299473403 0.817985183497401 0 0 
 -0.0413625299473403 -0 -0.817985183497401 -0 
 -0.0413625299473403 -0 -0 -0.817985183497401 
 0.82626753185402 0 -1.8179851834974 -1.8179851834974 
 0.0827250598946806 0.182014816502599 1.8179851834974 0 
 0.0827250598946806 -0.182014816502599 1.6359703669948 -0.182014816502599 
 0.0827250598946806 -0.182014816502599 -0.182014816502599 1.6359703669948 
 0.0827250598946806 0.182014816502599 0 1.8179851834974 
 0.00828234835661866 0 0.182014816502599 0.182014816502599 
 
 weight  0.0141820069256938
 -0.0413625299473403 -0.817985183497401 -0.817985183497401 -0.817985183497401 
 -0.0413625299473403 -0.817985183497401 -0 -0 
 -0.0413625299473403 -0 -0.817985183497401 -0 
 -0.0413625299473403 0 0 0.817985183497401 
 0.0827250598946806 1.6359703669948 -0.182014816502599 -0.182014816502599 
 0.00828234835661866 0.182014816502599 0.182014816502599 0 
 0.0827250598946806 -0.182014816502599 1.6359703669948 -0.182014816502599 
 0.82626753185402 -1.8179851834974 -1.8179851834974 0 
 0.0827250598946806 1.8179851834974 0 0.182014816502599 
 0.0827250598946806 0 1.8179851834974 0.182014816502599 
 
 weight  0.0141820069256938
 -0.0413625299473403 -0.817985183497401 -0.817985183497401 -0.817985183497401 
 -0.0413625299473403 -0.817985183497401 -0 -0 
 -0.0413625299473403 0 0.817985183497401 0 
 -0.0413625299473403 -0 -0 -0.817985183497401 
 0.0827250598946806 1.6359703669948 -0.182014816502599 -0.182014816502599 
 0.0827250598946806 1.8179851834974 0.182014816502599 0 
 0.82626753185402 -1.8179851834974 0 -1.8179851834974 
 0.0827250598946806 -0.182014816502599 -0.182014816502599 1.6359703669948 
 0.00828234835661866 0.182014816502599 0 0.182014816502599 
 0.0827250598946806 0 0.182014816502599 1.8179851834974 
 
 weight  0.0141820069256938
 -0.0413625299473403 0.817985183497401 0.817985183497401 0.817985183497401 
 -0.0413625299473403 0.817985183497401 0 0 
 -0.0413625299473403 -0 -0.817985183497401 -0 
 -0.0413625299473403 0 0 0.817985183497401 
 0.0827250598946806 -1.6359703669948 -1.8179851834974 -1.8179851834974 
 0.0827250598946806 0.182014816502599 1.8179851834974 0 
 0.00828234835661866 -0.182014816502599 -5.55111512312578e-17 -0.182014816502599 
 0.0827250598946806 -1.8179851834974 -1.8179851834974 -1.6359703669948 
 0.82626753185402 1.8179851834974 0 1.8179851834974 
 0.0827250598946806 0 1.8179851834974 0.182014816502599 
 
 weight  0.0141820069256938
 -0.0413625299473403 0.817985183497401 0.817985183497401 0.817985183497401 
 -0.0413625299473403 -0.817985183497401 -0 -0 
 -0.0413625299473403 0 0.817985183497401 0 
 -0.0413625299473403 0 0 0.817985183497401 
 0.00828234835661866 -5.55111512312578e-17 -0.182014816502599 -0.182014816502599 
 0.0827250598946806 1.8179851834974 0.182014816502599 0 
 0.0827250598946806 -1.8179851834974 -1.6359703669948 -1.8179851834974 
 0.0827250598946806 -1.8179851834974 -1.8179851834974 -1.6359703669948 
 0.0827250598946806 1.8179851834974 0 0.182014816502599 
 0.82626753185402 0 1.8179851834974 1.8179851834974 