 
#include "quadrature_Quadrangle.hpp"


 namespace femus {
     
     
 
// ************** SQUARE - BEGIN ***************
//number of gauss point for the previous SQUARE vector
  const unsigned quad_gauss::GaussPoints[femus::Gauss::_NUM_QUAD_RULE_HEX_QUAD_LINE] = {1, 4, 9, 16, 25, 36};
  const double * quad_gauss::Gauss[femus::Gauss::_NUM_QUAD_RULE_HEX_QUAD_LINE] = { Gauss0[0], Gauss1[0], Gauss2[0], Gauss3[0], Gauss4[0], Gauss5[0]};

//first row-weights, second row: x-coordinates, third row y-coordinate
  const double  quad_gauss::Gauss0[3][1] = {{4},
    {0},
    {0}
  };

  const double  quad_gauss::Gauss1[3][4] = {{1, 1, 1, 1},
    { -0.57735026918963, -0.57735026918963, 0.57735026918963, 0.57735026918963},
    { -0.57735026918963, 0.57735026918963, -0.57735026918963, 0.57735026918963}
  };

  const double  quad_gauss::Gauss2[3][9] = {{0.30864197530864, 0.49382716049383, 0.30864197530864, 0.49382716049383, 0.79012345679012, 0.49382716049383, 0.30864197530864, 0.49382716049383, 0.30864197530864},
    { -0.77459666924148, -0.77459666924148, -0.77459666924148, 0, 0, 0, 0.77459666924148, 0.77459666924148, 0.77459666924148},
    { -0.77459666924148, 0, 0.77459666924148, -0.77459666924148, 0, 0.77459666924148, -0.77459666924148, 0, 0.77459666924148}
  };

  const double  quad_gauss::Gauss3[3][16] = {{0.1210029932856, 0.22685185185185, 0.22685185185185, 0.1210029932856, 0.22685185185185, 0.42529330301069, 0.42529330301069, 0.22685185185185, 0.22685185185185, 0.42529330301069, 0.42529330301069, 0.22685185185185, 0.1210029932856, 0.22685185185185, 0.22685185185185, 0.1210029932856},
    { -0.86113631159405, -0.86113631159405, -0.86113631159405, -0.86113631159405, -0.33998104358486, -0.33998104358486, -0.33998104358486, -0.33998104358486, 0.33998104358486, 0.33998104358486, 0.33998104358486, 0.33998104358486, 0.86113631159405, 0.86113631159405, 0.86113631159405, 0.86113631159405},
    { -0.86113631159405, -0.33998104358486, 0.33998104358486, 0.86113631159405, -0.86113631159405, -0.33998104358486, 0.33998104358486, 0.86113631159405, -0.86113631159405, -0.33998104358486, 0.33998104358486, 0.86113631159405, -0.86113631159405, -0.33998104358486, 0.33998104358486, 0.86113631159405}
  };

  const double  quad_gauss::Gauss4[3][25] = {{0.056134348862429, 0.1134, 0.13478507238752, 0.1134, 0.056134348862429, 0.1134, 0.22908540422399, 0.27228653255075, 0.22908540422399, 0.1134, 0.13478507238752, 0.27228653255075, 0.32363456790123, 0.27228653255075, 0.13478507238752, 0.1134, 0.22908540422399, 0.27228653255075, 0.22908540422399, 0.1134, 0.056134348862429, 0.1134, 0.13478507238752, 0.1134, 0.056134348862429},
    { -0.90617984593866, -0.90617984593866, -0.90617984593866, -0.90617984593866, -0.90617984593866, -0.53846931010568, -0.53846931010568, -0.53846931010568, -0.53846931010568, -0.53846931010568, 0, 0, 0, 0, 0, 0.53846931010568, 0.53846931010568, 0.53846931010568, 0.53846931010568, 0.53846931010568, 0.90617984593866, 0.90617984593866, 0.90617984593866, 0.90617984593866, 0.90617984593866},
    { -0.90617984593866, -0.53846931010568, 0, 0.53846931010568, 0.90617984593866, -0.90617984593866, -0.53846931010568, 0, 0.53846931010568, 0.90617984593866, -0.90617984593866, -0.53846931010568, 0, 0.53846931010568, 0.90617984593866, -0.90617984593866, -0.53846931010568, 0, 0.53846931010568, 0.90617984593866, -0.90617984593866, -0.53846931010568, 0, 0.53846931010568, 0.90617984593866}
  };

  const double  quad_gauss::Gauss5[3][36] = {{0.13014891258816758, 0.13014891258816758, 0.16880536708758792, 0.16880536708758792, 0.061807293372383582, 0.061807293372383582, 0.13014891258816758, 0.13014891258816758, 0.16880536708758792, 0.16880536708758792, 0.061807293372383582, 0.061807293372383582, 0.16880536708758792, 0.16880536708758792, 0.21894345016729663, 0.21894345016729663, 0.080165117317806914, 0.080165117317806914, 0.16880536708758792, 0.16880536708758792, 0.21894345016729663, 0.21894345016729663, 0.080165117317806914, 0.080165117317806914, 0.061807293372383582, 0.061807293372383582, 0.080165117317806914, 0.080165117317806914, 0.029352081688980611, 0.029352081688980611, 0.061807293372383582, 0.061807293372383582, 0.080165117317806914, 0.080165117317806914, 0.029352081688980611, 0.029352081688980611},
  {0.66120938646626448, 0.66120938646626448, 0.66120938646626448, 0.66120938646626448, 0.66120938646626448, 0.66120938646626448, -0.66120938646626448, -0.66120938646626448, -0.66120938646626448, -0.66120938646626448, -0.66120938646626448, -0.66120938646626448, -0.23861918608319715, -0.23861918608319715, -0.23861918608319715, -0.23861918608319715, -0.23861918608319715, -0.23861918608319715, 0.23861918608319715, 0.23861918608319715, 0.23861918608319715, 0.23861918608319715, 0.23861918608319715, 0.23861918608319715, -0.93246951420315194, -0.93246951420315194, -0.93246951420315194, -0.93246951420315194, -0.93246951420315194, -0.93246951420315194, 0.93246951420315194, 0.93246951420315194, 0.93246951420315194, 0.93246951420315194, 0.93246951420315194, 0.93246951420315194},
  {0.66120938646626448, -0.66120938646626448, -0.23861918608319715, 0.23861918608319715, -0.93246951420315194, 0.93246951420315194, 0.66120938646626448, -0.66120938646626448, -0.23861918608319715, 0.23861918608319715, -0.93246951420315194, 0.93246951420315194, 0.66120938646626448, -0.66120938646626448, -0.23861918608319715, 0.23861918608319715, -0.93246951420315194, 0.93246951420315194, 0.66120938646626448, -0.66120938646626448, -0.23861918608319715, 0.23861918608319715, -0.93246951420315194, 0.93246951420315194, 0.66120938646626448, -0.66120938646626448, -0.23861918608319715, 0.23861918608319715, -0.93246951420315194, 0.93246951420315194, 0.66120938646626448, -0.66120938646626448, -0.23861918608319715, 0.23861918608319715, -0.93246951420315194, 0.93246951420315194}
};
// ************** SQUARE - END ***************
    
     
 }
